time,delta,elbow_angle,elbow_velocity,elbow_torque,motor_current
0.014,0.014,188.0,2685.7142857142853,0.1,-0.025595990349264706
0.062,0.048,215.0,2798.2142857142853,0.1,-0.026093845741421567
0.079,0.017,215.0,2798.2142857142853,0.1,-0.020368508731617645
0.096,0.017,215.0,2798.2142857142853,0.1,-0.02151979932598039
0.112,0.016,215.0,2798.2142857142853,0.1,-0.023977960324754903
0.129,0.017,215.0,112.5,0.1,-0.023666800704656862
0.145,0.016,215.0,0.0,0.1,-0.024538047640931374
0.161,0.016,215.0,0.0,0.1,-0.024320235906862744
0.178,0.017,215.0,0.0,0.1,-0.024506931678921567
0.194,0.016,215.0,0.0,0.1,-0.024724743412990195
0.21,0.016,215.0,0.0,0.1,-0.02404019224877451
0.226,0.016,215.0,0.0,0.1,-0.02444469975490196
0.243,0.017,215.0,0.0,0.1,-0.024226888020833334
0.26,0.017,215.0,0.0,0.1,-0.025284830729166666
0.276,0.016,214.75,-3.125,0.1,-0.02469362745098039
0.292,0.016,214.75,-3.125,0.1,-0.022111002604166666
0.309,0.017,215.0,-0.18382352941176486,0.1,-0.0239468443627451
0.324,0.015,214.75,-3.517156862745098,0.1,-0.02572045419730392
0.341,0.017,214.5,-6.458333333333334,0.1,-0.024506931678921567
0.357,0.016,214.75,-0.20833333333333356,0.1,-0.02618719362745098
0.373,0.016,214.5,-3.333333333333333,0.1,-0.02628054151348039
0.39,0.017,215.0,-0.3921568627450981,0.1,-0.02593826593137255
0.406,0.016,215.0,2.941176470588235,0.1,-0.025658222273284313
0.423,0.017,215.0,5.88235294117647,0.1,-0.025751570159313727
0.44,0.017,215.0,2.75735294117647,0.1,-0.02547152650122549
0.456,0.016,215.0,5.88235294117647,0.1,-0.025502642463235293
0.473,0.017,214.5,-5.88235294117647,0.1,-0.026311657475490195
0.489,0.016,215.0,0.3676470588235297,0.1,-0.0263427734375
0.505,0.016,215.0,0.3676470588235297,0.1,-0.025844918045343137
0.521,0.016,215.0,0.3676470588235297,0.1,-0.025907149969362744
0.537,0.016,215.0,0.3676470588235297,0.1,-0.025844918045343137
0.554,0.017,214.5,0.3676470588235297,0.1,-0.025689338235294117
0.57,0.016,215.0,0.3676470588235297,0.1,-0.025564874387254903
0.586,0.016,215.0,0.3676470588235297,0.1,-0.02522259880514706
0.603,0.017,215.0,0.3676470588235297,0.1,-0.025502642463235293
0.619,0.016,215.0,0.3676470588235297,0.1,-0.024102424172794117
0.636,0.017,215.0,6.25,0.1,-0.02593826593137255
0.652,0.016,215.0,0.0,0.1,-0.02587603400735294
0.669,0.017,215.0,0.0,0.1,-0.025751570159313727
0.685,0.016,214.75,-3.125,0.1,-0.02572045419730392
0.701,0.016,214.75,-3.125,0.1,-0.027805223651960784
0.717,0.016,214.75,-3.125,0.1,-0.029952225030637256
0.734,0.017,214.75,-3.125,0.1,-0.03125909543504902
0.75,0.016,215.0,0.0,0.1,-0.030885703890931374
0.767,0.017,214.0,-8.63970588235294,0.1,-0.03023226868872549
0.783,0.016,214.5,-2.3897058823529407,0.1,-0.03094793581495098
0.799,0.016,214.5,-2.3897058823529407,0.1,-0.026093845741421567
0.816,0.017,215.0,3.492647058823529,0.1,-0.02506701899509804
0.832,0.016,215.5,6.617647058823529,0.1,-0.027494064031862744
0.848,0.016,216.0,24.63235294117647,0.1,-0.029703297334558825
0.869,0.021,217.0,27.906162464985993,0.1,-0.030450080422794117
0.885,0.016,217.75,37.281162464986,0.1,-0.03119686351102941
0.902,0.017,218.0,34.339985994397765,0.1,-0.03181918275122549
0.918,0.016,219.0,40.589985994397765,0.1,-0.03069900811887255
0.935,0.017,219.25,37.281162464986,0.1,-0.030605660232843137
0.951,0.016,220.0,37.13235294117647,0.1,-0.031103515625
0.967,0.016,220.0,27.75735294117647,0.1,-0.030761240042892157
0.984,0.017,221.0,36.580882352941174,0.1,-0.030201152726715686
1.0,0.016,221.0,24.080882352941174,0.1,-0.029267673866421567
1.016,0.016,221.5,27.38970588235294,0.1,-0.030418964460784313
1.033,0.017,222.0,23.897058823529413,0.1,-0.030916819852941178
1.049,0.016,222.75,33.272058823529406,0.1,-0.030170036764705883
1.066,0.017,223.0,24.448529411764703,0.1,-0.030325616574754903
1.083,0.017,223.5,30.33088235294117,0.1,-0.032410386029411764
1.098,0.015,224.5,37.41421568627451,0.1,-0.030512312346813727
1.115,0.017,225.0,37.41421568627451,0.1,-0.030325616574754903
1.131,0.016,225.75,37.41421568627451,0.1,-0.0302945006127451
1.147,0.016,226.0,37.59803921568628,0.1,-0.030107804840686276
1.164,0.017,226.5,37.59803921568628,0.1,-0.030979051776960784
1.18,0.016,227.0,30.51470588235294,0.1,-0.030916819852941178
1.197,0.017,227.25,27.573529411764707,0.1,-0.030730124080882354
1.213,0.016,228.0,27.573529411764707,0.1,-0.03079235600490196
1.229,0.016,228.0,24.448529411764703,0.1,-0.030823471966911764
1.246,0.017,229.0,30.330882352941178,0.1,-0.030730124080882354
1.262,0.016,229.0,24.080882352941178,0.1,-0.030823471966911764
1.279,0.017,229.25,24.080882352941178,0.1,-0.030263384650735293
1.295,0.016,230.0,24.080882352941178,0.1,-0.03069900811887255
1.311,0.016,230.75,33.455882352941174,0.1,-0.030418964460784313
1.328,0.017,231.0,24.63235294117647,0.1,-0.03135244332107843
1.344,0.016,231.25,27.75735294117647,0.1,-0.031134631587009805
1.361,0.017,232.0,33.63970588235294,0.1,-0.03147690716911765
1.377,0.016,232.0,24.264705882352942,0.1,-0.03147690716911765
1.393,0.016,232.0,14.889705882352938,0.1,-0.031321327359068625
1.41,0.017,233.0,23.713235294117645,0.1,-0.031072399662990195
1.426,0.016,233.0,20.588235294117645,0.1,-0.030916819852941178
1.442,0.016,233.25,14.889705882352938,0.1,-0.03209922640931372
1.459,0.017,234.0,23.713235294117645,0.1,-0.03157025505514706
1.475,0.016,234.0,23.713235294117645,0.1,-0.030512312346813727
1.492,0.017,234.25,14.889705882352942,0.1,-0.031134631587009805
1.508,0.016,235.0,24.264705882352942,0.1,-0.031321327359068625
1.524,0.016,235.5,27.38970588235294,0.1,-0.03135244332107843
1.541,0.017,236.0,24.448529411764703,0.1,-0.03150802313112745
1.557,0.016,235.5,18.198529411764703,0.1,-0.03181918275122549
1.573,0.016,236.0,21.50735294117647,0.1,-0.03166360294117647
1.59,0.017,236.0,12.13235294117647,0.1,-0.03259708180147059
1.606,0.016,236.5,12.13235294117647,0.1,-0.03206811044730392
1.623,0.017,236.5,6.25,0.1,-0.0318814146752451
1.639,0.016,237.0,18.75,0.1,-0.0326904296875
1.655,0.016,237.0,12.5,0.1,-0.03213034237132353
1.672,0.017,237.5,18.38235294117647,0.1,-0.03213034237132353
1.688,0.016,237.5,12.13235294117647,0.1,-0.03169471890318627
1.706,0.018,238.0,17.687908496732028,0.1,-0.031539139093137256
1.725,0.019,238.0,11.437908496732026,0.1,-0.03135244332107843
1.741,0.016,238.25,14.562908496732026,0.1,-0.03203699448529412
1.758,0.017,238.0,5.739379084967321,0.1,-0.03181918275122549
1.774,0.016,238.0,5.739379084967321,0.1,-0.031632486979166666
1.79,0.016,238.0,0.18382352941176486,0.1,-0.030356732536764706
1.807,0.017,238.0,0.18382352941176486,0.1,-0.03209922640931372
1.823,0.016,238.0,-2.941176470588235,0.1,-0.03287712545955882
1.839,0.016,238.0,0.0,0.1,-0.03038784849877451
1.856,0.017,238.0,0.0,0.1,-0.03200587852328431
1.871,0.015,238.75,10.0,0.1,-0.030854587928921567
1.889,0.018,239.0,12.777777777777777,0.1,-0.03147690716911765
1.905,0.016,239.0,12.777777777777777,0.1,-0.03178806678921569
1.921,0.016,239.0,12.777777777777777,0.1,-0.03234815410539216
1.938,0.017,239.0,12.777777777777777,0.1,-0.030730124080882354
1.954,0.016,239.0,2.7777777777777777,0.1,-0.03206811044730392
1.971,0.017,239.0,0.0,0.1,-0.03141467524509804
1.986,0.015,239.0,0.0,0.1,-0.030667892156862744
2.003,0.017,239.0,0.0,0.1,-0.031103515625
2.019,0.016,239.0,0.0,0.1,-0.02855200674019608
2.035,0.016,239.0,0.0,0.1,-0.030450080422794117
2.052,0.017,239.0,0.0,0.1,-0.030418964460784313
2.068,0.016,239.0,0.0,0.1,-0.030201152726715686
2.084,0.016,239.0,0.0,0.1,-0.030605660232843137
2.101,0.017,239.0,0.0,0.1,-0.029485485600490195
2.117,0.016,239.5,6.25,0.1,-0.031321327359068625
2.134,0.017,239.0,0.3676470588235297,0.1,-0.030170036764705883
2.15,0.016,239.0,0.3676470588235297,0.1,-0.029952225030637256
2.166,0.016,239.0,0.3676470588235297,0.1,-0.03038784849877451
2.183,0.017,239.25,3.3088235294117645,0.1,-0.03129021139705882
2.199,0.016,239.0,-6.066176470588235,0.1,-0.029485485600490195
2.215,0.016,239.0,-0.18382352941176486,0.1,-0.02960994944852941
2.232,0.017,239.0,-0.18382352941176486,0.1,-0.029485485600490195
2.248,0.016,239.0,-0.18382352941176486,0.1,-0.029703297334558825
2.265,0.017,239.0,-3.125,0.1,-0.03069900811887255
2.281,0.016,239.0,0.0,0.1,-0.030730124080882354
2.298,0.017,239.0,0.0,0.1,-0.030916819852941178
2.314,0.016,239.0,0.0,0.1,-0.029796645220588235
2.33,0.016,239.0,0.0,0